4.877054852898875e-05
0.0007674338814311572
0.0013416877162181315
0.0011671036224825985
0.0009785488616619667
0.0010061501024564708
0.0008038906592974951
0.00015508880565379542
9.126714039318643e-05
0.00014738438780722998
0.0003362708211502123
0.0006473751962016254
0.00045773404846785853
0.0004803199384365094
0.0005709824313618029
0.0007372997732631222
0.0006433057833131106
0.0008083161846364467
0.0011384151259365408
0.0011408169884767378
0.0008926223047398011
0.0009873962052130661
0.0009984521596370518
0.00022116419723215637
0.00018590883517981532
0.0009114103190457425
0.0007811994142797095
0.0009487817044407311
0.0005618460661199833
0.0010828685052780005
0.0010350301826672669
0.0009595401351185505
0.0009203797571539715
0.0011290178864632955
0.0011014967520832017
0.0006070153588146496
0.0006268592542469473
0.000999409648448415
0.0005390815634366188
0.0009414230131811578
0.0006314394676329488
0.0005587555926726638
0.0005496256741240528
0.00014397338847624421
0.0008880099079303452
0.0008977162115006245
0.0007830784563668225
0.0007568314935288298
0.0007223872116111886
0.0006235909537725551
0.0006538911615657111
0.0009982212723948843
0.00109214064166083
0.0008915360223243304
0.0008911481045643575
0.0009433549233022458
0.0009173024900498871
0.0007065116740573132
0.0009948795992369705
0.0007005921636876048
0.0007415097618703346
0.0007468974594963319
0.001205820790252717
0.0004437795081420755
0.0008295627233630321
0.0003445190053614766
0.0007072458425499554
0.0007856320923661673
0.0008910217841461708
0.0008510768939649185
0.0009335214371678331
0.0008141575690539828
0.0007823633912799495
0.0007192957234401961
0.0007197743517512922
0.0010970428693116542
0.0006846480869669848
0.0011820391462336894
0.0009128061109063839
0.0008137456092659743
0.0008182852232352571
0.0012961911981273985
0.0009899013503789577
0.0002200175203998182
0.0004458974505929772
0.001090168739440033
0.0007529820488255484
0.0008002315717350636
0.0009001029008808663
0.000813457115595519
0.0008165149053501427
0.001187893055767895
0.0009801593399814978
0.0010497876110465672
0.0012909139714527133
0.0008282609202678892
0.0010818214139818234
0.0009583298388557973
0.001074892371080359
0.0008808337239025323
0.001210598234261164
0.0010535696594620616
0.0010259366844318375
0.0012954149254558668
0.0007779410861145349
0.0009934063638510884
0.0012119430032248202
0.0013965054885524022
0.0008562885314034946
0.0010145116770014502
0.0007729320558211774
0.0009336000653037734
0.0013190132194136842
0.0013978318100543888
0.0015352195235313097
0.0012263719118142365
0.0008350808365596397
0.0015211858673090995
0.0016059127948041675
0.0010333078507674001
0.0011642412870835118
0.0015310529589296555
0.0010837375071900421
0.0008817130520045309
0.0015807510936716447
0.0016068490545885403
0.0013554889303595695
0.0015282808868237892
0.0012876988757013971
0.0013695895728457652
0.001458942458658539
0.0012411573663110192
0.0015260050766038413
0.0012073389571067826
0.0014551176794401588
0.0015003052532327247
0.0015296703712062083
0.0008751094650532678
0.0014168142802057574
0.0006571164247154291
0.0005849062367589469
0.0007102128055934383
0.0011449420487340224
0.0010064443944971164
0.0011506876112806319
0.0013016173529805629
0.0011414514500670552
0.0016461956871353873
0.0012473208209364704
0.001707724708183318
0.00121776712172061
0.0011193835431165505
0.0008291748824793412
0.0017069202724905794
0.0016908539893419133
0.0010982758430194753
0.0013999869144445927
0.0016392926513301952
0.0010195625695729699
0.0007516830130949577
0.0014174699167206592
0.0012583543612657597
0.0013143546192606744
0.0005575354975254598
0.0013632783749900706
0.0009871927203817356
0.0011869014877600498
0.001624098048173779
0.0013902774047877392
0.0012714766309813094
0.00140020520055745
0.0014173639284482723
0.0014763124219038478
0.0010317115648547336
0.0014971149344652221
0.0011348208554377947
0.0012745655830903196
0.0009165977481080576
0.0011323090375886355
0.0004655051454741928
0.00019368490830162663
0.0016139772004949253
0.0015616411337446188
0.0018229759363855352
0.0018218778967034224
0.0019497601666622877
0.0013591419145580217
0.0013614342640543681
0.0013622025805291034
0.0013734205499901088
0.0010038677029901041
0.0018658771190844395
0.002020756993920168
0.0016999577739024501
0.0018403959394000331
0.0015786007901572975
0.0015930293592401113
0.0013357871646102277
0.0015292752561994923
0.0011113907283414053
0.0013964460441408667
0.0015721606491000924
0.0016419783617744607
0.0013985038849273568
0.0019204998726680747
0.0016740473074625824
0.0018580312618189712
0.001366188919680432
0.00159971716605664
0.0010866207918629862
0.0018868767455530867
0.0011732399455765662
0.0018981029304938903
0.0016239788222168969
0.0011143022809928776
0.0018896166245807183
0.0017041538309700258
0.0013939280702047955
0.0018955070305487853
0.0015333576276392346
0.00061289493432632
0.0010155296719174711
0.0012179320624301601
0.0008810684640433496
0.0010615110071550459
0.0009112554731394221
0.0014291973344957118
0.0009054663701676823
0.0009772426902096491
0.001113908226149735
0.0012178418317497354
0.0015524280230715965
0.0007161707314056315
0.0013804274904057874
0.0011620735055522377
0.0013633444662531189
0.0013731324770202575
0.0016207154244769536
0.0013829192849006576
0.0014227437127176286
0.0017616008900845324
0.0013104009521882863
0.0015662784437885326
0.0016769172164385433
0.0019744054018047343
0.001311310258899729
0.0010253930305416633
0.001508931901578515
0.0009599225187238266
0.0011316391417830508
0.00100384369968275
0.0013920210982541988
0.0017734491310204803
0.0019379718769217138
0.001622439771200271
0.0016830944378779886
0.001371847271100778
0.0011631556886584613
0.0014912259177958498
0.0015792308701819673
0.001539467532046531
0.0010429917699524443
0.0017162783369268932
0.00132120065692873
0.0012452310620144898
0.0009320105359664785
0.0013657800488787817
0.0015539678564168817
0.00150215272654689
0.001097261102169979
0.0011349871057404568
0.0012921642642876408
0.0014307552654825272
0.001922062762178105
0.0008372210414419963
0.0012007476367946932
0.0010919694576602247
0.001054644710019119
0.0008837129279611999
0.002008886373765645
0.0019140054999293786
0.0014843321075384331
0.0017026198996724956
0.0014770298589284105
0.001383881845070515
0.0016238190373444432
0.0015902667725868204
0.0004363591491745609
0.0016462064792781275
0.0016037413094170385
0.0015482547962657322
0.001877399489208095
0.001877440538938924
0.001809332979214807
0.0016328417683251647
0.001303305728784056
0.0015202156942795502
0.0015787597764843498
0.0014934641941064671
0.0017839884767406875
0.0016770510463612544
0.00132926654185843
0.0014645508326029378
0.0019218376021205284
0.0016719294400666814
0.0017659312570129503
0.0018167603779744045
0.002044156108618681
0.0014003235611468863
0.0012006219264331262
0.001245148070639225
0.0010197674848834034
0.0013242911416433251
0.001000363054015616
0.0009576334858329681
0.0017449396959423001
0.00201219638061374
0.0020682370305158283
0.002087422412795098
0.0018789991641314588
0.0017980683155673764
0.0014321364035199172
0.001238341326620077
0.0011845124899072701
0.0010137046695624997
0.0012013889243232593
0.0015329854056717503
0.0014159670369421166
0.0010748136271580707
0.0009663357817556535
0.0012542141826987663
0.001563116475001683
0.001355035574728122
0.0013846224324875083
0.0018405134928501591
0.0020677596524502437
0.0012161452567330104
0.0016541646071943452
0.0010090613648522798
0.0016338937929187372
0.0019979617233888427
0.0017277688718059787
0.001549306968850302
0.0012551235830826817
0.0016023312356189942
0.0009492502130356568
0.001163936217420941
0.0014676024695275064
0.0006190317498643977
0.002393591761573795
0.0008521583274648627
0.001260601776827872
0.0015781363660505173
0.001894173992660883
0.0014904058723617967
0.0008264710257409159
0.0019237741984470882
0.0009208090817531703
0.0013187500406261483
0.001757313090325491
0.0010685696512886264
0.0017952971294149535
0.0013281247269796548
0.001605956383492542
0.00056787626406885
0.0010554243728251099
0.001708948841227165
0.0012749859652770752
0.00044861930322331775
0.0014294031871295446
0.001839956987007476
0.0012326765661153246
0.0019489639102296718
0.00167630580313802
0.002117452463308747
0.0005669913524061383
0.0016426605737652248
0.0018994476638908636
0.0014925616978470047
0.0013691035205288876
0.0010005085611683494
0.0015155679302066832
0.0012628592475806963
0.0010131231986356213
0.0014288845487656198
0.0012137448614935173
0.0014128129856922915
0.0014664332120526242
0.0020709456463757197
0.001359592778309333
0.0015969846394646922
0.0017695931455507575
0.0014560353350929285
0.001940587243066499
0.0012526851918179763
0.0012132036600773699
0.0014758011895137538
0.0006420302225725327
0.001713812753158895
0.0011534899469116374
0.0008701892989099365
0.0015956319803105184
0.001521432509954492
0.001964731186853221
0.0019635842181189096
0.0018915056205118968
0.0013129894377958986
0.0007859488501749687
0.001114482554651608
0.0014870468044669487
0.0011240683064799536
0.0015604378068454095
0.0016729793791493606
0.000654230994985988
0.001268604913401622
0.0016867657059905403
0.0014112256850190258
0.001580140226966119
0.001489190863877556
0.0015613009565255468
0.0016957203783685645
0.001281045488189074
0.0016003839677895218
0.001145480375496086
0.0014257026759496873
0.0010437187462290112
0.0009988296919554215
0.00182504954981036
0.0010952003973076143
0.001832202733119051
0.0010634843348302676
0.0008932102700524138
0.001758453449215883
0.0014080632942148259
0.001150712050367979
0.001427204740631697
0.0014750856638719202
0.0012408289828696284
0.0012042070711981503
0.001956005532798958
0.0016565427140236865
0.00162580340579123
0.0016291883767456414
0.0018162518028345975
0.0017725500845003224
0.0010890252526697896
0.0016260286918930431
0.0012343151414036554
0.0013542067032886866
0.0015214786395174131
0.0013040978318308478
0.0017157991015679776
0.00171504610238837
0.0010613639956321623
0.0016352240907315692
0.0016552007270489166
0.0011725072781645725
0.0015177145210803654
0.0012578544906487676
0.0014268267968264715
0.001136734848793412
0.0015826763077810297
0.001940385314173306
0.001430591472110485
0.0016877015477053219
0.0011194585858935243
0.0013776437564416465
0.0016295317911638632
0.0011772159485533948
0.0014390136231499052
0.0010058365052902885
0.0012467480020003118
0.0013568750339530982
0.001348552826077939
0.0014169064344591994
0.0013503849948253224
0.0010955399752920485
0.0013801756590527863
0.0018839110161416152
0.0017845604263547537
0.0011815556964175156
0.0018827050904091113
0.0010700112282688635
0.0016026975149279889
0.0013735290203626114
0.0017166146057196266
0.001965573865871546
0.0013361831601134203
0.0014808567739962996
0.0016114087590052616
0.0016543708952991404
0.0012645691219140488
0.000991511496675688
0.0012114904133714026
0.0011410270917905246
0.0013207511332845403
0.001364268191781501
0.0008341418988489368
0.0015610233215809053
0.0014346884615951462
5.423156632670208e-06
0.0018692737931547477
0.0015488917551724417
0.0014045838060429976
0.0012674069456192697
0.0013878038382565225
0.0012257573324736724
0.001630784055577459
0.0013859152867149646
0.0013440016458178376
0.0014719813161046913
0.0017286653395734027
0.0019653993563518513
0.0013481079290696034
0.0009711572604575309
0.001045836057049415
0.0015629855082343659
0.0011377532049405292
0.0018603713277202491
0.0019432912516442829
0.0013599704787892707
0.0012864967992090312
0.0014999749511231705
0.002001107688910968
0.0010951737703560342
0.0012275658678393077
0.0009699793842246768
0.001895285165013323
0.0012684050236409965
0.0016374974623977784
0.0016201506766169082
0.0009526903025740605
0.0015160476731724457
0.0012046801611616282
0.0013407250515957412
0.0014481026178466744
0.0015751224172397143
0.001389640581746063
0.0018020921693030624
0.001329481470153461
0.001411417423314399
0.0018817368336107457
0.0016631478842603197
0.0017554879472404905
0.0014198000667677842
0.0018873532917489991
0.0018053286153366997
0.001399048710112519
0.002040164314255838
0.0016793579876508919
0.0016646517520798481
0.0011214033581496237
0.0014832328787080075
0.0013660086872608304
0.0007693172835441514
0.0014088149522488978
0.0011027382696086974
0.0015657552589158224
0.001053723159224475
0.0014461337958703874
0.0017349792528554898
0.0009980547328647237
0.0014766751449934046
0.00122294877381882
0.0015251090456513592
0.0018114729933511443
0.001047100548444807
0.0018462903551561716
0.001572480502944729
0.0018462941371034868
0.0018259931202639686
0.0010289730765539122
0.0013575213777901926
0.0015488399657700737
0.0017384131689382623
0.0007763511508053929
0.00126777063630372
0.0012577681036193122
0.0010682855955318508
0.0015554521722923554
0.0010043952215328758
0.0009473279330699117
0.0011519142130390356
0.001404161071501915
0.001437348264317316
0.0012816009222797317
0.001346662089560783
0.001482330534017593
0.000865038458110836
0.00043034630078861154
0.0018685441315085926
0.0012449401011425116
0.0012299475413123494
0.0012278401884415894
0.0014447399437584397
0.0016451174817124557
0.0018345497561845147
0.0019518242356376789
0.0014885410594577225
0.0016679005270276766
0.001901295485354268
0.0016582046011180697
0.0012208838347666801
0.001146527200544745
0.0010424057354164432
0.00111374741352785
0.0008326867394690403
0.0011161546452858723
0.0009277399789628677
0.0018198089030237118
0.0011684406245579988
0.0011685475000092586
0.001729013294695306
0.0015536504136918305
0.0016594863689200698
0.0014156543970684256
0.001491345875020296
0.0011023677829916792
0.0015024328191017306
0.0011405943335657844
0.0011401057770956636
0.0014067882850727687
0.0012781464407929017
0.0012317177897724482
0.001247380405736498
0.0015006940698865847
0.0016835017413136186
0.001318220656851575
0.001694877879564427
0.0012410113651832983
0.0015044090871338084
0.001492977676570078
0.0017222309124589673
0.0014045897987326004
0.0015147686255388795
0.0007105540397137049
0.0014427507669992005
0.0009877039583062889
0.0007638623230589645
0.0011549288225041286
0.0007452483820204164
0.0007846056785055606
0.001026870868668575
0.000900945066070249
0.0010411002292965018
0.001876257132072488
0.0015668801087507656
0.001035308711583252
0.0013345476847217781
0.0015597853465998761
0.001122892775406319
0.0013545872994156218
0.001673446736813545
0.001412122167296882
0.0010982139875915188
0.001203862439061035
0.0008684268066079219
0.0008495044090845226
0.001451181493784274
0.001364349576602017
0.000993811483794611
0.001127465467567778
0.0013543782482619863
0.0005954916159172614
0.0012377722914816186
0.0014426156922761092
0.0014352371267232007
0.0005516654385194345
0.0014170082645102449
0.0014598912631722779
0.0013865909783428124
0.0015798673043380495
0.0010825462297001977
0.0009643374715375554
0.0012751483866924405
0.0016746631087121429
0.001441119606030411
0.001235025567203728
0.0010864110139360557
0.0015342630818590372
0.0015619986863940967
0.0009007393483210749
0.0011449956141002776
0.0017005551638843712
0.0006780516686045819
0.0014610242152723395
0.0012059311421334221
0.0016040244990578989
0.001692854983261566
0.0012327061702833138
0.0016130984078541997
0.001006970462198142
0.001258540596358613
0.0006763934638279906
0.0007508437526784536
0.000980595467429636
0.0011527928621972976
0.0016942374861193747
0.001578875355505103
0.0012728933339925756
0.0016331864755806244
0.0016864578035422594
0.0012689400613064851
0.0014352349732193667
0.0007668188008455891
0.0006333608057628198
0.0012500797192681514
0.001759045596541883
0.0010952935601029794
0.001241087216652287
0.001233469992726609
0.001680363424164186
0.0015264491302646726
0.0013482036216990213
0.0010404463548132439
0.00106773002664335
0.0010063405639572742
0.0011109790888153151
0.0013693533398830976
0.0013156068092188733
0.00101380011612521
0.0012623557935851782
0.0014096600373751428
0.0010372277835900715
0.0013979806755943095
0.001222644743878164
0.0012369238051063397
0.001078671870204331
0.0009518232593855133
0.001355203409424229
0.0014665754969926924
0.0011717131977138765
0.00132459143047269
0.0012967606328095228
0.0011170212715481812
0.0006011338844297959
0.0008479244269385779
0.0010246808529038073
0.000914321296959132
0.0009182674424774544
0.0007349867831425557
0.0008630573462823628
0.0006949603262829708
0.0006745527034465587
0.0008564061843801124
0.000804582481749446
0.0010057362127886618
0.000702281916193015
0.001028067517889497
0.0008443976262624783
0.0008604799399055288
0.000530994482371425
0.0008833553422692019
0.0009239806774031873
0.0007676478186831643
0.0007421929773839923
0.0007892739037012892
0.0009005908698851797
0.0008302629217627074
0.000800625421091815
0.0008340367771229219
0.00089202637407538
0.0009717837494323091
0.0008788581468414157
0.0008140164584618502
0.0007225876616429002
0.000800963887740845
0.00074600464155213
0.0008766311576820709
0.000890834986613449
0.0007462950421281871
0.0008310151387205254
0.0009307063326648433
0.0010321005588498841
0.0008347080100863118
0.0008416343637477335
0.0007023896654141336
0.000983699240593957
0.0008850533476974344
0.0007573158644354615
0.0010162977964385733
0.0008014224633337908
0.0007080883083846201
0.0007170944462193375
0.0007625334572633222
0.00081163159906904
0.0009016024501592886
0.0007967785901601854
0.0008082649141822367
0.0007539044298064824
0.0007951149629569154
0.0006784705869088377
0.0008714151381056759
0.0009514123610149816
0.0009593075784023491
0.0009758836698530689
0.0010992825740280046
0.0011528700452184174
0.0009650708177310586

